0 151.0 100.0 598.0 206.0 110.0 58.0 542.0 485.0 71.0 382.0 13.0 65.0 250.0 22.0 582.0 23.0 292.0 62.0 746.0 351.0 36.0 301.0 303.0 166.0 27.0 787.0 64.0 742.0 92.0 197.0 848.0 44.0 916.0 80.0 561.0 874.0 326.0 40.0 654.0 1181.0 549.0 909.0 601.0 625.0 909.0 3.0 69.0 230.0 162.0 35.0 
151.0 0 21.0 159.0 693.0 487.0 41.0 141.0 106.0 376.0 975.0 126.0 406.0 761.0 125.0 1297.0 136.0 851.0 381.0 1545.0 56.0 125.0 30.0 46.0 29.0 226.0 266.0 23.0 231.0 37.0 646.0 289.0 37.0 1773.0 385.0 146.0 315.0 905.0 297.0 1391.0 2148.0 1252.0 1780.0 176.0 1376.0 1766.0 174.0 412.0 21.0 587.0 244.0 
100.0 21.0 0 228.0 558.0 370.0 32.0 228.0 187.0 259.0 786.0 71.0 307.0 620.0 86.0 1102.0 67.0 698.0 288.0 1332.0 89.0 62.0 71.0 97.0 50.0 163.0 383.0 20.0 330.0 10.0 493.0 412.0 20.0 1524.0 268.0 209.0 414.0 746.0 200.0 1166.0 1893.0 1063.0 1549.0 269.0 1175.0 1531.0 117.0 313.0 60.0 442.0 151.0 
598.0 159.0 228.0 0 1476.0 1168.0 320.0 36.0 25.0 961.0 1850.0 539.0 1045.0 1568.0 524.0 2320.0 529.0 1706.0 996.0 2640.0 41.0 494.0 59.0 85.0 188.0 721.0 41.0 278.0 18.0 262.0 1375.0 40.0 338.0 2922.0 970.0 11.0 36.0 1784.0 848.0 2408.0 3411.0 2251.0 2947.0 47.0 2423.0 2929.0 645.0 1051.0 108.0 1300.0 733.0 
206.0 693.0 558.0 1476.0 0 36.0 442.0 1372.0 1307.0 81.0 56.0 247.0 47.0 16.0 264.0 116.0 257.0 16.0 52.0 176.0 1061.0 298.0 983.0 965.0 688.0 157.0 1771.0 494.0 1704.0 522.0 39.0 1866.0 418.0 282.0 90.0 1411.0 1892.0 28.0 106.0 160.0 415.0 91.0 257.0 1459.0 131.0 275.0 181.0 41.0 846.0 32.0 157.0 
110.0 487.0 370.0 1168.0 36.0 0 308.0 1112.0 1033.0 21.0 92.0 123.0 13.0 60.0 172.0 200.0 133.0 62.0 32.0 316.0 801.0 166.0 731.0 753.0 516.0 97.0 1457.0 334.0 1372.0 342.0 27.0 1524.0 258.0 406.0 30.0 1111.0 1544.0 72.0 30.0 244.0 611.0 199.0 419.0 1191.0 235.0 401.0 89.0 19.0 640.0 12.0 65.0 
58.0 41.0 32.0 320.0 442.0 308.0 0 260.0 235.0 227.0 706.0 57.0 235.0 500.0 34.0 976.0 67.0 582.0 200.0 1164.0 157.0 66.0 121.0 105.0 38.0 95.0 447.0 10.0 422.0 38.0 437.0 500.0 18.0 1394.0 236.0 297.0 526.0 636.0 168.0 1062.0 1697.0 911.0 1369.0 305.0 1033.0 1387.0 75.0 229.0 68.0 388.0 135.0 
542.0 141.0 228.0 36.0 1372.0 1112.0 260.0 0 15.0 935.0 1798.0 509.0 975.0 1456.0 446.0 2228.0 519.0 1610.0 900.0 2504.0 65.0 486.0 61.0 37.0 130.0 635.0 35.0 238.0 42.0 266.0 1337.0 56.0 310.0 2838.0 944.0 45.0 82.0 1696.0 812.0 2346.0 3261.0 2123.0 2813.0 13.0 2317.0 2831.0 591.0 969.0 72.0 1256.0 715.0 
485.0 106.0 187.0 25.0 1307.0 1033.0 235.0 15.0 0 862.0 1701.0 452.0 900.0 1395.0 419.0 2121.0 462.0 1525.0 855.0 2419.0 42.0 431.0 36.0 40.0 123.0 600.0 40.0 197.0 37.0 223.0 1252.0 55.0 263.0 2719.0 871.0 32.0 81.0 1601.0 743.0 2237.0 3162.0 2046.0 2714.0 30.0 2210.0 2712.0 530.0 906.0 55.0 1173.0 650.0 
71.0 376.0 259.0 961.0 81.0 21.0 227.0 935.0 862.0 0 145.0 74.0 22.0 111.0 121.0 305.0 64.0 125.0 35.0 439.0 630.0 91.0 586.0 612.0 405.0 70.0 1250.0 247.0 1165.0 231.0 42.0 1311.0 183.0 535.0 9.0 910.0 1307.0 141.0 11.0 331.0 776.0 298.0 560.0 1008.0 346.0 542.0 56.0 28.0 511.0 29.0 20.0 
382.0 975.0 786.0 1850.0 56.0 92.0 706.0 1798.0 1701.0 145.0 0 409.0 141.0 62.0 480.0 40.0 401.0 28.0 178.0 102.0 1375.0 452.0 1305.0 1331.0 1004.0 333.0 2233.0 750.0 2124.0 736.0 43.0 2318.0 638.0 126.0 154.0 1775.0 2316.0 20.0 202.0 44.0 271.0 57.0 151.0 1895.0 57.0 133.0 343.0 147.0 1182.0 52.0 261.0 
13.0 126.0 71.0 539.0 247.0 123.0 57.0 509.0 452.0 74.0 409.0 0 92.0 293.0 31.0 631.0 10.0 339.0 89.0 813.0 304.0 21.0 256.0 282.0 155.0 44.0 744.0 61.0 677.0 65.0 212.0 789.0 29.0 965.0 83.0 504.0 805.0 371.0 39.0 693.0 1262.0 608.0 982.0 566.0 688.0 964.0 14.0 98.0 213.0 175.0 30.0 
65.0 406.0 307.0 1045.0 47.0 13.0 235.0 975.0 900.0 22.0 141.0 92.0 0 75.0 119.0 261.0 102.0 85.0 15.0 379.0 702.0 131.0 636.0 640.0 423.0 60.0 1300.0 257.0 1237.0 283.0 52.0 1375.0 203.0 499.0 31.0 992.0 1401.0 101.0 23.0 317.0 702.0 246.0 494.0 1050.0 290.0 492.0 50.0 6.0 535.0 33.0 50.0 
250.0 761.0 620.0 1568.0 16.0 60.0 500.0 1456.0 1395.0 111.0 62.0 293.0 75.0 0 296.0 112.0 303.0 26.0 76.0 152.0 1141.0 346.0 1061.0 1035.0 732.0 171.0 1871.0 554.0 1802.0 582.0 57.0 1968.0 474.0 266.0 120.0 1501.0 1994.0 36.0 140.0 154.0 361.0 69.0 241.0 1521.0 125.0 259.0 223.0 69.0 920.0 52.0 195.0 
22.0 125.0 86.0 524.0 264.0 172.0 34.0 446.0 419.0 121.0 480.0 31.0 119.0 296.0 0 700.0 41.0 376.0 86.0 842.0 301.0 50.0 255.0 229.0 104.0 21.0 691.0 54.0 656.0 82.0 271.0 754.0 42.0 1058.0 130.0 491.0 780.0 420.0 82.0 776.0 1303.0 627.0 1033.0 491.0 747.0 1051.0 29.0 113.0 182.0 232.0 69.0 
582.0 1297.0 1102.0 2320.0 116.0 200.0 976.0 2228.0 2121.0 305.0 40.0 631.0 261.0 112.0 700.0 0 641.0 58.0 308.0 32.0 1785.0 702.0 1687.0 1701.0 1324.0 513.0 2713.0 1030.0 2608.0 1046.0 143.0 2810.0 902.0 46.0 314.0 2235.0 2836.0 40.0 370.0 24.0 131.0 27.0 51.0 2335.0 7.0 39.0 533.0 267.0 1532.0 156.0 461.0 
23.0 136.0 67.0 529.0 257.0 133.0 67.0 519.0 462.0 64.0 401.0 10.0 102.0 303.0 41.0 641.0 0 349.0 99.0 823.0 294.0 11.0 266.0 292.0 165.0 54.0 754.0 71.0 685.0 55.0 202.0 799.0 39.0 967.0 73.0 494.0 795.0 381.0 43.0 683.0 1272.0 618.0 992.0 576.0 698.0 974.0 24.0 108.0 223.0 173.0 20.0 
292.0 851.0 698.0 1706.0 16.0 62.0 582.0 1610.0 1525.0 125.0 28.0 339.0 85.0 26.0 376.0 58.0 349.0 0 110.0 114.0 1255.0 396.0 1171.0 1167.0 860.0 245.0 2025.0 628.0 1952.0 656.0 47.0 2126.0 540.0 188.0 134.0 1635.0 2152.0 6.0 162.0 96.0 311.0 53.0 175.0 1703.0 67.0 181.0 261.0 83.0 1026.0 46.0 225.0 
62.0 381.0 288.0 996.0 52.0 32.0 200.0 900.0 855.0 35.0 178.0 89.0 15.0 76.0 86.0 308.0 99.0 110.0 0 404.0 665.0 126.0 601.0 577.0 370.0 35.0 1235.0 238.0 1182.0 266.0 77.0 1316.0 190.0 558.0 44.0 945.0 1342.0 136.0 32.0 366.0 741.0 263.0 533.0 973.0 337.0 551.0 51.0 9.0 492.0 56.0 55.0 
746.0 1545.0 1332.0 2640.0 176.0 316.0 1164.0 2504.0 2419.0 439.0 102.0 813.0 379.0 152.0 842.0 32.0 823.0 114.0 404.0 0 2069.0 890.0 1965.0 1939.0 1526.0 631.0 3039.0 1242.0 2946.0 1270.0 241.0 3160.0 1114.0 42.0 448.0 2549.0 3186.0 100.0 516.0 50.0 57.0 19.0 17.0 2609.0 21.0 35.0 695.0 373.0 1776.0 260.0 619.0 
351.0 56.0 89.0 41.0 1061.0 801.0 157.0 65.0 42.0 630.0 1375.0 304.0 702.0 1141.0 301.0 1785.0 294.0 1255.0 665.0 2069.0 0 261.0 16.0 42.0 85.0 450.0 130.0 127.0 95.0 101.0 962.0 141.0 163.0 2315.0 629.0 30.0 127.0 1321.0 541.0 1851.0 2756.0 1728.0 2340.0 88.0 1876.0 2322.0 386.0 708.0 41.0 909.0 442.0 
36.0 125.0 62.0 494.0 298.0 166.0 66.0 486.0 431.0 91.0 452.0 21.0 131.0 346.0 50.0 702.0 11.0 396.0 126.0 890.0 261.0 0 245.0 271.0 154.0 71.0 711.0 68.0 644.0 40.0 229.0 754.0 40.0 1040.0 82.0 441.0 730.0 430.0 66.0 732.0 1353.0 677.0 1065.0 541.0 761.0 1047.0 39.0 137.0 206.0 210.0 31.0 
301.0 30.0 71.0 59.0 983.0 731.0 121.0 61.0 36.0 586.0 1305.0 256.0 636.0 1061.0 255.0 1687.0 266.0 1171.0 601.0 1965.0 16.0 245.0 0 26.0 59.0 396.0 136.0 93.0 101.0 97.0 916.0 149.0 125.0 2213.0 595.0 56.0 165.0 1235.0 487.0 1781.0 2638.0 1632.0 2230.0 86.0 1776.0 2212.0 334.0 642.0 21.0 847.0 414.0 
303.0 46.0 97.0 85.0 965.0 753.0 105.0 37.0 40.0 612.0 1331.0 282.0 640.0 1035.0 229.0 1701.0 292.0 1167.0 577.0 1939.0 42.0 271.0 26.0 0 33.0 370.0 132.0 95.0 127.0 123.0 942.0 165.0 143.0 2239.0 621.0 82.0 191.0 1241.0 513.0 1807.0 2612.0 1606.0 2214.0 60.0 1778.0 2232.0 340.0 634.0 13.0 873.0 440.0 
166.0 29.0 50.0 188.0 688.0 516.0 38.0 130.0 123.0 405.0 1004.0 155.0 423.0 732.0 104.0 1324.0 165.0 860.0 370.0 1526.0 85.0 154.0 59.0 33.0 0 197.0 275.0 38.0 260.0 66.0 675.0 318.0 66.0 1802.0 414.0 175.0 344.0 924.0 326.0 1420.0 2119.0 1227.0 1777.0 147.0 1391.0 1795.0 193.0 417.0 26.0 616.0 273.0 
27.0 226.0 163.0 721.0 157.0 97.0 95.0 635.0 600.0 70.0 333.0 44.0 60.0 171.0 21.0 513.0 54.0 245.0 35.0 631.0 450.0 71.0 396.0 370.0 197.0 0 920.0 123.0 877.0 151.0 172.0 991.0 95.0 823.0 79.0 680.0 1017.0 281.0 47.0 581.0 1026.0 444.0 798.0 678.0 552.0 816.0 26.0 54.0 307.0 141.0 50.0 
787.0 266.0 383.0 41.0 1771.0 1457.0 447.0 35.0 40.0 1250.0 2233.0 744.0 1300.0 1871.0 691.0 2713.0 754.0 2025.0 1235.0 3039.0 130.0 711.0 136.0 132.0 275.0 920.0 0 403.0 17.0 431.0 1712.0 11.0 495.0 3383.0 1259.0 60.0 37.0 2121.0 1107.0 2841.0 3866.0 2618.0 3370.0 38.0 2812.0 3376.0 846.0 1298.0 171.0 1621.0 990.0 
64.0 23.0 20.0 278.0 494.0 334.0 10.0 238.0 197.0 247.0 750.0 61.0 257.0 554.0 54.0 1030.0 71.0 628.0 238.0 1242.0 127.0 68.0 93.0 95.0 38.0 123.0 403.0 0 374.0 28.0 469.0 448.0 12.0 1460.0 256.0 257.0 474.0 678.0 184.0 1118.0 1789.0 981.0 1453.0 281.0 1089.0 1453.0 83.0 261.0 54.0 418.0 147.0 
742.0 231.0 330.0 18.0 1704.0 1372.0 422.0 42.0 37.0 1165.0 2124.0 677.0 1237.0 1802.0 656.0 2608.0 685.0 1952.0 1182.0 2946.0 95.0 644.0 101.0 127.0 260.0 877.0 17.0 374.0 0 376.0 1615.0 10.0 446.0 3252.0 1174.0 35.0 24.0 2036.0 1026.0 2720.0 3759.0 2533.0 3271.0 47.0 2717.0 3253.0 795.0 1243.0 162.0 1526.0 913.0 
92.0 37.0 10.0 262.0 522.0 342.0 38.0 266.0 223.0 231.0 736.0 65.0 283.0 582.0 82.0 1046.0 55.0 656.0 266.0 1270.0 101.0 40.0 97.0 123.0 66.0 151.0 431.0 28.0 376.0 0 441.0 462.0 24.0 1456.0 228.0 229.0 446.0 702.0 182.0 1090.0 1817.0 1009.0 1481.0 309.0 1117.0 1463.0 107.0 289.0 82.0 410.0 123.0 
197.0 646.0 493.0 1375.0 39.0 27.0 437.0 1337.0 1252.0 42.0 43.0 212.0 52.0 57.0 271.0 143.0 202.0 47.0 77.0 241.0 962.0 229.0 916.0 942.0 675.0 172.0 1712.0 469.0 1615.0 441.0 0 1785.0 381.0 301.0 39.0 1300.0 1769.0 51.0 77.0 145.0 494.0 148.0 326.0 1422.0 172.0 308.0 170.0 58.0 817.0 11.0 102.0 
848.0 289.0 412.0 40.0 1866.0 1524.0 500.0 56.0 55.0 1311.0 2318.0 789.0 1375.0 1968.0 754.0 2810.0 799.0 2126.0 1316.0 3160.0 141.0 754.0 149.0 165.0 318.0 991.0 11.0 448.0 10.0 462.0 1785.0 0 530.0 3490.0 1320.0 61.0 26.0 2214.0 1164.0 2938.0 4001.0 2731.0 3497.0 57.0 2923.0 3483.0 905.0 1381.0 208.0 1692.0 1043.0 
44.0 37.0 20.0 338.0 418.0 258.0 18.0 310.0 263.0 183.0 638.0 29.0 203.0 474.0 42.0 902.0 39.0 540.0 190.0 1114.0 163.0 40.0 125.0 143.0 66.0 95.0 495.0 12.0 446.0 24.0 381.0 530.0 0 1304.0 192.0 313.0 554.0 582.0 128.0 982.0 1633.0 869.0 1313.0 357.0 969.0 1297.0 55.0 209.0 94.0 334.0 99.0 
916.0 1773.0 1524.0 2922.0 282.0 406.0 1394.0 2838.0 2719.0 535.0 126.0 965.0 499.0 266.0 1058.0 46.0 967.0 188.0 558.0 42.0 2315.0 1040.0 2213.0 2239.0 1802.0 823.0 3383.0 1460.0 3252.0 1456.0 301.0 3490.0 1304.0 0 544.0 2825.0 3498.0 158.0 626.0 38.0 57.0 85.0 25.0 2957.0 41.0 7.0 855.0 505.0 2046.0 326.0 739.0 
80.0 385.0 268.0 970.0 90.0 30.0 236.0 944.0 871.0 9.0 154.0 83.0 31.0 120.0 130.0 314.0 73.0 134.0 44.0 448.0 629.0 82.0 595.0 621.0 414.0 79.0 1259.0 256.0 1174.0 228.0 39.0 1320.0 192.0 544.0 0 901.0 1298.0 150.0 20.0 326.0 785.0 307.0 569.0 1017.0 355.0 551.0 65.0 37.0 520.0 38.0 21.0 
561.0 146.0 209.0 11.0 1411.0 1111.0 297.0 45.0 32.0 910.0 1775.0 504.0 992.0 1501.0 491.0 2235.0 494.0 1635.0 945.0 2549.0 30.0 441.0 56.0 82.0 175.0 680.0 60.0 257.0 35.0 229.0 1300.0 61.0 313.0 2825.0 901.0 0 37.0 1711.0 801.0 2307.0 3306.0 2168.0 2850.0 58.0 2336.0 2832.0 606.0 998.0 101.0 1239.0 682.0 
874.0 315.0 414.0 36.0 1892.0 1544.0 526.0 82.0 81.0 1307.0 2316.0 805.0 1401.0 1994.0 780.0 2836.0 795.0 2152.0 1342.0 3186.0 127.0 730.0 165.0 191.0 344.0 1017.0 37.0 474.0 24.0 446.0 1769.0 26.0 554.0 3498.0 1298.0 37.0 0 2240.0 1174.0 2920.0 4027.0 2757.0 3523.0 83.0 2949.0 3505.0 931.0 1407.0 234.0 1696.0 1031.0 
326.0 905.0 746.0 1784.0 28.0 72.0 636.0 1696.0 1601.0 141.0 20.0 371.0 101.0 36.0 420.0 40.0 381.0 6.0 136.0 100.0 1321.0 430.0 1235.0 1241.0 924.0 281.0 2121.0 678.0 2036.0 702.0 51.0 2214.0 582.0 158.0 150.0 1711.0 2240.0 0 182.0 76.0 283.0 47.0 155.0 1791.0 51.0 151.0 289.0 107.0 1096.0 52.0 249.0 
40.0 297.0 200.0 848.0 106.0 30.0 168.0 812.0 743.0 11.0 202.0 39.0 23.0 140.0 82.0 370.0 43.0 162.0 32.0 516.0 541.0 66.0 487.0 513.0 326.0 47.0 1107.0 184.0 1026.0 182.0 77.0 1164.0 128.0 626.0 20.0 801.0 1174.0 182.0 0 414.0 881.0 359.0 649.0 881.0 415.0 631.0 29.0 29.0 420.0 52.0 15.0 
654.0 1391.0 1166.0 2408.0 160.0 244.0 1062.0 2346.0 2237.0 331.0 44.0 693.0 317.0 154.0 776.0 24.0 683.0 96.0 366.0 50.0 1851.0 732.0 1781.0 1807.0 1420.0 581.0 2841.0 1118.0 2720.0 1090.0 145.0 2938.0 982.0 38.0 326.0 2307.0 2920.0 76.0 414.0 0 135.0 53.0 63.0 2455.0 29.0 45.0 603.0 323.0 1634.0 180.0 487.0 
1181.0 2148.0 1893.0 3411.0 415.0 611.0 1697.0 3261.0 3162.0 776.0 271.0 1262.0 702.0 361.0 1303.0 131.0 1272.0 311.0 741.0 57.0 2756.0 1353.0 2638.0 2612.0 2119.0 1026.0 3866.0 1789.0 3759.0 1817.0 494.0 4001.0 1633.0 57.0 785.0 3306.0 4027.0 283.0 881.0 135.0 0 126.0 32.0 3364.0 106.0 50.0 1116.0 696.0 2421.0 527.0 1012.0 
549.0 1252.0 1063.0 2251.0 91.0 199.0 911.0 2123.0 2046.0 298.0 57.0 608.0 246.0 69.0 627.0 27.0 618.0 53.0 263.0 19.0 1728.0 677.0 1632.0 1606.0 1227.0 444.0 2618.0 981.0 2533.0 1009.0 148.0 2731.0 869.0 85.0 307.0 2168.0 2757.0 47.0 359.0 53.0 126.0 0 60.0 2214.0 24.0 78.0 506.0 240.0 1459.0 159.0 446.0 
909.0 1780.0 1549.0 2947.0 257.0 419.0 1369.0 2813.0 2714.0 560.0 151.0 982.0 494.0 241.0 1033.0 51.0 992.0 175.0 533.0 17.0 2340.0 1065.0 2230.0 2214.0 1777.0 798.0 3370.0 1453.0 3271.0 1481.0 326.0 3497.0 1313.0 25.0 569.0 2850.0 3523.0 155.0 649.0 63.0 32.0 60.0 0 2932.0 34.0 18.0 852.0 488.0 2029.0 351.0 764.0 
601.0 176.0 269.0 47.0 1459.0 1191.0 305.0 13.0 30.0 1008.0 1895.0 566.0 1050.0 1521.0 491.0 2335.0 576.0 1703.0 973.0 2609.0 88.0 541.0 86.0 60.0 147.0 678.0 38.0 281.0 47.0 309.0 1422.0 57.0 357.0 2957.0 1017.0 58.0 83.0 1791.0 881.0 2455.0 3364.0 2214.0 2932.0 0 2426.0 2950.0 652.0 1044.0 101.0 1339.0 780.0 
625.0 1376.0 1175.0 2423.0 131.0 235.0 1033.0 2317.0 2210.0 346.0 57.0 688.0 290.0 125.0 747.0 7.0 698.0 67.0 337.0 21.0 1876.0 761.0 1776.0 1778.0 1391.0 552.0 2812.0 1089.0 2717.0 1117.0 172.0 2923.0 969.0 41.0 355.0 2336.0 2949.0 51.0 415.0 29.0 106.0 24.0 34.0 2426.0 0 34.0 578.0 294.0 1605.0 187.0 510.0 
909.0 1766.0 1531.0 2929.0 275.0 401.0 1387.0 2831.0 2712.0 542.0 133.0 964.0 492.0 259.0 1051.0 39.0 974.0 181.0 551.0 35.0 2322.0 1047.0 2212.0 2232.0 1795.0 816.0 3376.0 1453.0 3253.0 1463.0 308.0 3483.0 1297.0 7.0 551.0 2832.0 3505.0 151.0 631.0 45.0 50.0 78.0 18.0 2950.0 34.0 0 848.0 498.0 2039.0 333.0 746.0 
3.0 174.0 117.0 645.0 181.0 89.0 75.0 591.0 530.0 56.0 343.0 14.0 50.0 223.0 29.0 533.0 24.0 261.0 51.0 695.0 386.0 39.0 334.0 340.0 193.0 26.0 846.0 83.0 795.0 107.0 170.0 905.0 55.0 855.0 65.0 606.0 931.0 289.0 29.0 603.0 1116.0 506.0 852.0 652.0 578.0 848.0 0 56.0 263.0 137.0 28.0 
69.0 412.0 313.0 1051.0 41.0 19.0 229.0 969.0 906.0 28.0 147.0 98.0 6.0 69.0 113.0 267.0 108.0 83.0 9.0 373.0 708.0 137.0 642.0 634.0 417.0 54.0 1298.0 261.0 1243.0 289.0 58.0 1381.0 209.0 505.0 37.0 998.0 1407.0 107.0 29.0 323.0 696.0 240.0 488.0 1044.0 294.0 498.0 56.0 0 529.0 39.0 56.0 
230.0 21.0 60.0 108.0 846.0 640.0 68.0 72.0 55.0 511.0 1182.0 213.0 535.0 920.0 182.0 1532.0 223.0 1026.0 492.0 1776.0 41.0 206.0 21.0 13.0 26.0 307.0 171.0 54.0 162.0 82.0 817.0 208.0 94.0 2046.0 520.0 101.0 234.0 1096.0 420.0 1634.0 2421.0 1459.0 2029.0 101.0 1605.0 2039.0 263.0 529.0 0 752.0 355.0 
162.0 587.0 442.0 1300.0 32.0 12.0 388.0 1256.0 1173.0 29.0 52.0 175.0 33.0 52.0 232.0 156.0 173.0 46.0 56.0 260.0 909.0 210.0 847.0 873.0 616.0 141.0 1621.0 418.0 1526.0 410.0 11.0 1692.0 334.0 326.0 38.0 1239.0 1696.0 52.0 52.0 180.0 527.0 159.0 351.0 1339.0 187.0 333.0 137.0 39.0 752.0 0 89.0 
35.0 244.0 151.0 733.0 157.0 65.0 135.0 715.0 650.0 20.0 261.0 30.0 50.0 195.0 69.0 461.0 20.0 225.0 55.0 619.0 442.0 31.0 414.0 440.0 273.0 50.0 990.0 147.0 913.0 123.0 102.0 1043.0 99.0 739.0 21.0 682.0 1031.0 249.0 15.0 487.0 1012.0 446.0 764.0 780.0 510.0 746.0 28.0 56.0 355.0 89.0 0 
